38 76 -61 88
28 22 -43 -40
76 78 -98 87
39 56 10 96
38 0 79 -15
6 44 -88 53
40 80 -83 31
11 2 28 -31
41 91 -86 -48
8 55 -81 95
77 19 3 -90
94 73 -59 42
51 53 35 48
12 52 72 6
62 61 96 47
78 62 47 -57
39 54 53 50
1 43 -64 -46
9 21 28 -36
92 79 67 -47
6 15 -58 -48
54 67 99 -38
96 99 -55 30
90 44 -10 -8
23 84 20 77
5 84 28 88
55 20 -31 -36
84 43 -37 -41
12 75 -38 30
39 2 -12 -29
74 14 56 -81
63 53 22 -53
51 28 9 -90
53 72 48 -61
33 42 -43 23
75 18 -89 -37
38 83 27 38
69 31 61 80
73 3 -45 74
39 29 92 17
78 45 -23 -47
48 59 -57 38
2 41 -71 -93
30 13 36 -82
37 57 25 13
51 73 56 -98
76 78 38 91
56 49 22 55
34 47 10 84
83 93 81 -16
14 70 71 -50
97 74 -4 70
33 8 93 -35
39 70 -2 19
94 63 20 44
86 4 -33 19
17 67 26 44
39 2 -70 -25
47 56 -79 -55
5 98 86 -75
53 21 79 -89
53 85 61 73
46 32 66 54
30 75 49 -73
44 81 -61 -69
82 66 -72 -6
89 76 -13 98
57 87 30 36
12 41 59 -40
36 56 10 -61
60 80 48 39
50 75 -44 42
66 56 -93 -1
57 96 83 -79
98 88 -15 -16
0 63 59 44
90 27 29 -40
21 60 -86 2
85 13 11 61
92 77 24 -34
16 24 80 4
47 8 -79 -49
1 28 -82 -48
80 55 6 -72
60 94 -67 -15
83 90 -98 78
3 75 46 -66
93 40 15 11
52 37 48 7
23 4 -47 25
46 43 57 -98
23 12 -98 -36
11 42 -83 50
80 33 25 54
59 95 -1 36
55 67 -44 -60
90 80 83 -39
57 61 -1 96
51 79 31 39
28 89 85 35
12 98 28 -80
25 61 -95 -50
77 84 -37 78
50 80 66 89
93 32 -15 -45
30 4 -96 -29
81 95 14 -66
23 3 42 -16
33 69 -96 -10
28 23 -43 68
77 25 -45 -41
27 96 -69 -32
41 15 -53 -35
66 81 -22 5
5 15 13 -95
88 1 -59 -26
48 41 16 -19
88 75 33 46
21 9 -64 -86
36 4 -16 -95
68 22 -5 65
8 43 -34 46
71 68 -49 -59
37 92 -48 -18
59 43 -21 -10
69 31 30 58
90 77 46 -74
42 42 -76 20
58 34 78 55
18 10 33 2
23 92 45 -69
23 45 -32 27
63 50 39 -96
8 72 -34 85
22 102 -69 26
73 14 -45 -38
65 54 -51 68
99 29 -16 67
29 60 15 -19
85 76 -54 80
21 23 -3 -47
9 37 94 -44
99 77 48 80
48 47 18 56
26 61 36 -57
80 58 56 90
37 6 53 -90
47 15 53 60
4 79 70 52
35 8 31 12
18 8 25 -30
80 38 33 45
23 26 -69 61
10 35 -78 -96
53 17 48 -34
24 45 72 -2
65 75 -1 -38
5 72 -49 39
63 87 -27 -16
0 46 -34 73
14 46 55 -15
28 70 45 92
29 30 89 10
98 31 -46 -89
1 85 -77 82
30 79 -43 28
29 70 -81 65
51 97 13 -25
76 19 -23 18
36 83 -17 91
52 34 -39 -98
35 46 -43 55
97 13 -99 -26
40 26 27 13
18 38 89 57
45 57 -79 -52
86 76 -54 -64
12 38 28 55
6 56 -86 97
85 100 -41 -22
4 34 28 -95
89 33 -4 -73
82 20 -33 -15
98 5 31 43
85 81 73 88
13 42 -90 -49
93 60 -91 -64
56 7 -5 64
9 5 45 76
61 4 74 86
23 53 -7 3
89 21 -38 -74
13 44 -86 10
96 62 -11 96
5 98 -22 3
26 26 -73 -93
52 95 -5 42
62 50 -57 -7
11 2 41 -77
23 73 -2 -97
34 77 -47 -71
91 58 99 43
41 74 -53 42
75 102 55 -81
89 95 30 8
76 28 -80 12
82 27 -43 77
62 63 -97 21
94 73 -58 14
13 35 -47 -46
56 0 61 25
94 39 11 8
96 53 77 -53
23 78 -43 -7
24 51 -74 -86
77 33 60 8
84 71 -76 19
78 96 82 3
61 92 -58 -30
9 75 94 -34
89 13 7 -26
16 67 -25 96
95 43 -25 -54
39 62 18 -40
41 36 17 -65
2 42 86 -10
29 54 55 -2
51 74 -44 92
75 40 -36 -96
60 15 -93 -84
44 33 44 8
88 51 85 -94
26 60 43 62
94 22 -81 -98
4 50 -94 -96
87 47 -55 3
15 80 33 -14
4 48 -24 -48
57 36 -18 -98
87 12 76 63
53 17 -91 -81
17 96 53 6
91 40 95 -46
23 28 -55 55
81 7 -54 16
62 102 -97 -77
42 31 80 -41
99 53 -72 57
17 29 98 58
24 57 84 -48
98 101 -33 -30
77 82 -36 -25
44 8 83 18
27 35 -27 16
95 58 -29 52
87 40 60 -91
66 1 17 24
17 11 63 21
67 77 -23 -11
91 30 -59 64
22 34 7 84
55 90 48 29
45 45 31 50
12 34 65 -86
40 48 18 -1
39 42 75 11
28 27 63 -49
93 44 -81 3
8 78 -51 -15
6 37 -51 -42
73 89 -45 23
2 80 -23 50
93 37 55 -44
16 52 -54 35
15 17 -33 74
84 37 -6 -48
13 47 50 -48
88 34 -79 -39
16 68 50 94
20 78 -99 29
100 20 77 64
79 2 -91 30
52 0 -95 -86
4 84 79 35
13 74 19 -66
57 55 -9 -63
21 30 19 -94
50 37 -66 4
9 56 94 95
91 59 55 -65
77 15 34 -33
5 100 81 -26
26 96 -34 83
36 64 -44 94
37 65 -70 51
74 6 25 -93
33 78 -17 -48
0 33 -6 -39
3 55 -11 96
32 19 -8 -33
60 53 -5 -55
75 62 56 45
74 71 12 -66
50 74 -53 91
24 90 -19 -57
58 53 31 5
13 95 -33 20
30 98 41 -70
54 78 71 -43
78 73 26 53
66 30 -49 60
81 87 -24 -15
28 27 -31 11
75 18 -89 10
76 82 -89 -66
44 65 -17 98
17 42 -7 -5
75 92 -54 32
95 10 -28 -76
20 36 -22 -62
100 0 11 21
37 39 5 -46
80 50 -63 7
77 28 -98 2
61 41 -1 -40
88 78 95 -17
83 1 47 -30
47 67 -30 -9
14 81 -38 82
40 97 -31 76
76 27 37 -70
25 73 80 35
88 84 -33 77
60 71 83 35
14 93 -3 -25
40 45 -35 4
34 35 15 19
87 100 90 -66
20 90 -42 -68
90 44 50 -52
43 77 31 89
99 81 33 -12
28 35 58 -37
37 52 57 6
48 65 -66 23
63 21 39 -35
91 77 -15 -70
27 28 93 -94
18 61 -99 38
56 36 -98 81
90 75 -72 -67
86 21 -13 -46
20 88 89 -74
17 41 -82 -98
28 65 45 -72
85 15 35 41
39 43 -2 -36
93 72 -94 91
90 73 -64 77
83 43 -94 -99
50 59 -49 51
58 25 13 -36
25 102 -44 -54
100 86 16 -23
45 42 21 -90
9 29 -13 18
24 41 1 -47
69 33 -58 55
80 52 52 -2
82 77 82 -11
86 78 -41 -69
89 58 69 -13
12 91 -55 -65
69 40 -93 59
8 26 2 19
21 47 19 3
38 20 25 -83
20 99 54 31
20 74 -14 -30
51 83 -40 24
61 30 -27 -94
84 19 -28 69
28 33 -65 3
58 91 -93 -18
33 78 22 92
86 53 63 -43
53 79 -26 -42
83 16 94 56
21 0 -64 -35
48 80 -97 79
62 18 29 71
17 13 -69 -36
1 93 19 75
7 75 41 93
65 61 -45 65
56 71 92 -63
71 102 -53 -21
64 79 96 49
40 13 -74 -84
28 71 93 91
43 68 -39 -6
10 40 63 55
73 0 -97 -82
26 38 85 -27
27 94 36 -79
1 99 -82 -30
66 96 -23 31
78 21 96 16
10 93 -51 -76
76 87 78 80
13 20 -38 68
31 42 -43 5
56 10 -53 -33
76 61 34 -4
73 2 -36 74
93 83 15 -19
76 50 20 -51
27 53 36 -51
93 97 50 72
59 22 87 21
95 22 -29 66
56 35 79 10
60 38 17 -94
67 41 -5 6
97 71 -73 35
26 10 -73 74
74 71 5 64
36 91 84 -17
38 91 67 33
19 64 41 -9
89 15 -59 66
5 94 94 -27
92 21 7 -87
87 64 -28 -5
22 6 -95 25
59 42 -51 -7
50 95 88 29
59 91 73 -21
52 42 -75 56
10 39 -30 7
88 79 29 -62
31 89 -21 -82
43 60 4 52
2 76 -68 -15
13 71 -38 97
93 38 1 -95
53 99 10 16
94 72 -98 30
1 3 37 -82
68 78 55 18
1 78 42 -7
80 84 52 -26
75 46 -87 -20
71 27 95 -39
90 18 73 11
99 3 62 52
39 88 -80 -93
85 32 69 -40
72 23 -28 -75
22 59 98 -7
69 76 12 93
56 59 30 50
80 92 -49 -80
4 40 -77 -50
90 60 40 -28
6 79 9 56
63 47 57 -59
33 62 22 37
74 27 78 70
26 101 -43 -49
1 24 -29 -38
73 90 56 79
5 90 -20 -75
16 35 94 8
96 93 4 58
61 43 4 4
13 68 76 94
5 29 86 -95
32 81 39 -85
94 42 -37 55
80 20 60 22
43 94 57 -19
93 4 51 -26
12 4 62 -58
87 74 -98 -64
81 41 -26 69
30 54 -30 -13
73 4 21 -30
68 35 -49 -44
47 2 19 -70
92 100 33 79
81 11 73 -83
46 75 -62 -69
48 56 -13 -56
7 84 15 30
92 10 28 69
15 31 -87 61
95 0 33 79
3 61 -37 -50
73 95 96 20
