99 37 18 26 9441 5051
32 49 39 13 19007 19244
89 60 13 73 4445 4731
38 15 35 92 5566 7670
24 51 53 19 9532 11844
20 57 47 16 17980 8523
19 43 66 41 12958 15245
16 80 85 85 8335 13455
17 97 28 23 1710 2235
11 44 66 41 7602 2770
92 23 73 87 5809 2071
58 15 15 48 17943 9671
41 13 28 59 9586 5118
80 98 85 13 1550 1352
79 99 12 89 2987 8033
24 11 49 74 17044 1457
12 62 48 14 13232 14704
92 65 29 65 4913 4940
20 48 42 14 12920 8496
99 89 84 14 15561 9191
27 60 44 11 13864 7165
14 29 36 12 5506 1477
15 46 44 25 6484 19482
43 30 13 31 19111 15633
59 29 15 49 3524 12116
96 50 42 69 9672 5980
73 81 84 17 1300 528
67 11 21 84 15562 16689
88 36 16 24 2792 1980
13 42 66 21 16519 2510
52 48 96 18 10556 4236
65 31 29 63 3834 18182
21 43 68 43 18375 11873
64 28 17 38 17755 934
73 30 25 66 946 3848
29 53 32 13 15960 5854
97 68 23 63 9229 8673
15 11 16 94 2365 8727
73 91 86 28 12052 7420
68 31 12 46 12368 3291
18 62 75 24 9779 10706
40 11 18 27 7168 8475
34 18 29 59 5893 619
15 74 91 47 1310 4453
19 72 75 11 10354 14587
31 58 26 12 18024 17856
13 39 85 58 4855 7787
99 75 25 95 6984 6660
89 46 24 65 2956 4105
43 80 41 14 19521 428
24 68 38 12 13148 19652
80 17 16 69 16864 19110
30 12 42 58 14276 16498
91 33 29 57 2249 3837
19 47 59 24 9831 8606
21 93 74 43 5391 9354
47 23 48 74 11705 19361
85 34 13 80 2957 5970
52 73 57 16 4483 4821
26 81 24 11 2192 2939
56 79 36 13 4384 11169
39 17 30 51 1388 1009
43 28 20 41 6010 5851
34 63 43 22 16404 14788
61 14 16 66 14285 15000
34 49 40 16 494 10367
77 46 35 99 3570 4085
66 31 32 73 5854 5822
59 13 13 54 18519 6976
77 17 49 47 10024 4384
31 51 31 12 5819 236
39 13 32 61 9539 16426
61 31 18 49 1932 2018
12 22 53 32 1273 1226
41 11 30 46 18711 18065
17 37 68 31 1530 2979
23 12 16 54 4332 7058
54 79 75 29 8742 9076
32 62 75 31 1057 1705
25 12 35 61 13185 6659
22 61 43 33 2051 2324
13 58 94 69 10135 10880
90 25 52 86 3974 4467
11 21 65 34 3502 3082
16 49 59 34 1391 13931
79 23 17 75 874 11092
74 15 50 78 6322 7050
11 38 83 46 9314 15220
20 41 63 42 6209 15155
22 61 67 19 14949 6045
54 12 23 48 6486 16664
64 15 12 41 5912 17526
53 25 14 56 1390 8670
23 77 82 30 4707 7689
65 26 34 96 6669 10166
21 30 87 34 4413 1790
52 24 13 23 18671 8533
17 41 89 39 8119 5705
90 11 40 42 6560 2546
21 11 11 24 12805 3021
45 19 20 37 17470 3430
81 75 87 15 7719 1575
46 61 11 93 1391 9137
32 86 48 37 6544 11055
22 88 93 17 8888 4312
26 12 11 23 9736 7086
22 72 83 19 7175 8071
17 62 65 23 15406 5020
32 89 57 26 5556 8561
58 37 22 61 3046 4855
56 12 38 86 11734 6278
38 44 77 23 9705 5217
41 93 73 42 6672 7101
12 91 65 58 5235 7080
29 11 39 54 4981 16810
18 73 72 23 18836 13736
51 12 13 65 19869 6505
36 74 42 14 19790 9484
95 44 23 40 10053 7180
65 33 17 45 19377 5105
88 45 16 88 3664 2592
20 57 67 35 7573 13847
38 12 19 81 3971 3879
85 38 37 68 3861 4968
75 27 11 60 2533 5279
78 16 18 73 7940 15094
12 48 44 15 10336 242
29 15 18 34 12523 6305
14 69 45 11 2167 4989
71 25 22 60 11202 12470
23 17 22 63 3280 4995
26 38 36 13 6890 19575
12 37 61 15 4509 9163
57 13 21 22 2712 2047
11 68 75 12 14215 9700
30 11 23 40 8806 19219
23 57 60 14 2590 17204
40 68 38 18 8710 1278
19 73 81 15 8470 3514
39 15 29 47 14685 19503
20 67 70 15 15170 5571
16 81 68 15 7428 13016
58 16 13 42 9766 19260
45 77 89 38 8360 8019
45 82 44 23 2786 4848
15 71 88 50 5156 7178
40 84 57 12 16015 8924
12 45 82 35 5674 19005
89 87 23 98 2470 4680
21 40 37 13 10302 6032
25 48 77 37 2447 3479
20 54 73 31 16925 18737
20 57 56 19 9788 13895
17 59 65 13 6977 15555
11 59 44 16 10000 18000
70 74 98 20 11200 3898
12 67 85 26 3393 5763
15 69 56 15 2470 15914
44 94 84 21 8008 3164
71 29 13 55 19080 18744
20 44 53 35 16427 7613
55 24 17 30 3769 4502
23 56 48 15 3018 1698
11 68 43 13 1837 11911
16 81 76 14 18144 2477
78 29 12 59 1148 12570
37 20 31 52 2224 10136
77 56 25 91 7427 9989
45 28 24 52 9386 17560
72 95 66 21 7794 6517
21 59 44 13 15709 13699
89 87 64 16 6391 2569
67 25 12 30 2506 5230
76 23 11 50 16496 19735
54 17 12 61 10826 11498
22 95 35 31 3139 9350
17 68 29 11 11487 14793
31 73 60 13 4548 15383
58 29 36 93 2028 1614
92 72 21 85 8096 12644
66 25 19 55 9827 9775
39 69 36 15 10613 18746
13 87 94 56 945 4605
37 31 23 75 1995 5071
16 35 67 42 8217 13507
86 38 11 44 7564 6082
46 11 17 31 9946 3450
74 15 12 48 12934 17819
16 43 45 12 1712 704
98 17 27 80 4452 4990
18 59 52 12 9078 13341
14 95 59 37 1691 1664
12 74 73 19 7537 17113
27 75 59 18 1423 4700
12 48 41 23 2147 1229
11 24 27 12 14602 11084
16 60 79 25 12626 17310
13 45 29 16 10617 19186
11 77 86 18 9144 2920
80 12 30 88 5450 6412
77 17 14 57 15397 5127
60 34 11 27 11561 599
43 13 21 64 1151 17990
11 53 30 13 3964 9270
13 79 60 13 8734 17313
51 11 32 79 19313 9014
31 70 65 18 4541 5618
46 64 93 39 3246 2166
12 47 58 31 11014 17112
21 88 97 95 11257 16959
12 33 80 19 5436 3492
22 71 87 24 4878 2904
12 63 75 28 5619 2800
22 96 95 69 615 1647
73 31 18 43 3852 4040
16 52 72 40 1432 6264
42 98 46 26 3444 4620
21 87 33 11 2877 1359
87 52 18 72 7023 8852
61 29 17 48 12272 4663
26 41 63 26 6956 4808
12 63 34 19 874 3472
26 62 76 30 8144 6112
19 62 80 63 5202 5884
70 50 12 31 18842 9066
91 94 84 11 8001 7204
17 82 82 52 4021 8746
24 59 69 26 14750 17660
73 22 41 48 4346 2486
12 38 71 19 9624 5516
12 29 45 34 15095 6298
18 49 62 33 332 14688
36 11 46 68 6056 12014
27 52 49 24 454 10404
16 74 59 21 3527 2963
49 13 25 70 17175 8580
18 13 12 33 19064 5287
33 17 19 54 9192 897
16 65 83 33 8716 7112
29 71 65 19 16929 13267
22 98 81 22 7142 10130
27 56 54 23 5120 477
63 25 13 38 3555 2593
64 44 20 84 2444 3296
32 11 21 54 15633 16356
25 65 48 19 19037 16736
48 22 44 68 13700 11088
44 77 89 40 11481 10253
16 55 92 62 2528 2588
21 77 83 38 7187 5312
23 48 59 20 12167 4208
25 49 97 53 4385 4481
61 66 94 21 7779 6399
48 27 20 35 13644 15351
18 76 68 35 4680 3877
52 23 34 69 4040 8150
97 37 12 84 2510 8582
80 24 37 85 10678 10150
14 37 32 12 10484 16162
39 23 29 53 10538 1666
15 62 74 29 3094 14188
25 44 54 28 14292 13976
61 22 12 25 2087 10459
96 90 15 60 10167 13620
66 11 23 86 3113 5038
90 11 33 97 9801 3708
14 83 67 48 2726 9177
71 19 15 44 8420 9310
20 86 45 38 4785 10468
17 69 33 11 10428 14196
11 81 72 49 6241 5056
42 19 23 55 9504 7352
46 92 77 49 7994 9478
84 58 12 37 13508 3248
12 38 71 11 4423 18407
24 29 49 14 5859 3689
17 53 71 21 17748 10988
37 12 25 57 11640 8570
81 89 11 53 5066 9044
37 81 79 44 4227 6159
38 54 36 12 17110 11174
18 59 66 38 5790 5960
73 33 19 49 2949 2829
11 30 77 44 10253 2414
11 38 82 19 1464 2679
97 38 40 94 12045 12160
18 28 31 12 8319 2068
75 53 22 70 7339 7201
23 63 34 11 4233 6092
19 53 30 16 3706 17406
13 42 47 11 3621 10120
48 12 23 39 1808 11144
14 90 94 21 6012 4818
68 11 18 80 11116 13253
35 84 94 24 11177 9084
59 20 22 46 17977 11812
42 12 36 60 3390 3852
49 18 13 25 4075 2043
58 38 14 38 2644 7112
16 50 70 20 10754 9500
82 35 21 74 8597 9978
13 60 43 17 3481 4997
31 60 27 14 962 19360
15 32 93 30 4401 4000
14 31 37 26 15378 244
72 18 57 62 7248 6014
81 87 85 19 14559 8697
64 92 75 26 4692 1836
39 68 34 13 18273 5091
17 52 62 33 6845 15173
43 29 17 43 13454 11246
38 11 35 58 4422 5301
27 77 71 61 3884 7964
42 12 26 57 5386 1679
45 30 20 44 15315 19290
28 49 47 16 17431 14658
16 41 56 18 12592 9410
19 61 68 19 18106 3595
23 48 59 30 9640 18020
83 99 98 22 1705 1749
